Listening to port 4567
Connected!!!
EKF: Initialization
rmse  0.287757
0.0196602
  5.19994
        0
rmse end
main.cpp: RMSE is:
{rmse_x:0.287757   rmse_Y:0.0196602  rmse_vx:5.19994  rmse_vY:0  }
starting prediction
start prediction: Kalman filter prediction
calculate FT
CALCULATE P
END prediction: Kalman filter prediction
prediction done
entering radar measurement updates
 calculating Jacobian matrix with x_ 0.312243
 0.58034
       0
       0
 Jacobian calculated 
 performing update function
start measurement update -radar
end measurement update -radar
start measurement update -new estimate - radar
end measurement update -new estimate - radar
 performed update functionx_ = 0.779913
0.722413
 6.65259
 1.97674
P_ =   0.0188397   0.0342893  0.00441314 -0.00217457
  0.0342893   0.0641216 -0.00217459  0.00154144
 0.00441314 -0.00217459     221.662    -119.214
-0.00217457  0.00154144    -119.214     64.2309
rmse  0.211208
0.0876373
  3.81773
   1.3965
rmse end
main.cpp: RMSE is:
{rmse_x:0.211208   rmse_Y:0.0876373  rmse_vx:3.81773  rmse_vY:1.3965  }
starting prediction
start prediction: Kalman filter prediction
calculate FT
CALCULATE P
END prediction: Kalman filter prediction
prediction done
 entering laser updates. performing update
1 0 0 0
0 1 0 0Value of H_laser_
0.0225      0
     0 0.0225Value of R_laser_
1 0 0 0
0 1 0 0Value of H
 1.11254
0.821251
 6.65259
 1.97674Value of x
0.0225      0
     0 0.0225Value of R
start measurement update - laser
1 0 0 0
0 1 0 0Value of H
 1.11254
0.821251
 6.65259
 1.97674Value of x
0.0613058
-0.340178y
1 0
0 1
0 0
0 0ht Transpose
 0.595951 -0.263962
-0.263962  0.247367S
3.18187 3.39532
3.39532 7.66568SINV
 0.573451 -0.263962
-0.263962  0.224867
  11.0881  -5.96285
 -5.96285   3.21365Pht Transpose
  0.928408 -0.0763948
-0.0763948   0.827522
    15.035   -8.06161
  -8.06161    4.38899KALMAN GAIN
end measurement update - laser
start measurement update - new estimate laser
end measurement update - new estimate laser
 performed update functionx_ =    1.19545
  0.535063
   10.3167
-0.0105175
P_ =   0.0208892 -0.00171888    0.338288   -0.181386
-0.00171888   0.0186193   -0.181386   0.0987523
   0.338288   -0.181386     6.90495    -3.65473
  -0.181386   0.0987523    -3.65473     2.07857
rmse  0.177869
0.0808428
  4.29483
  1.14027
rmse end
main.cpp: RMSE is:
{rmse_x:0.177869   rmse_Y:0.0808428  rmse_vx:4.29483  rmse_vY:1.14027  }
starting prediction
start prediction: Kalman filter prediction
calculate FT
CALCULATE P
END prediction: Kalman filter prediction
prediction done
entering radar measurement updates
 calculating Jacobian matrix with x_    1.71128
  0.534537
   10.3167
-0.0105175
 Jacobian calculated 
 performing update function
start measurement update -radar
end measurement update -radar
start measurement update -new estimate - radar
end measurement update -new estimate - radar
 performed update functionx_ =  1.03211
0.563929
 4.61321
  2.6006
P_ =  0.00541299  0.00283651   0.0212963  -0.0229234
 0.00283651  0.00355763  0.00694422 -0.00320269
  0.0212963  0.00694422    0.130431   -0.102783
 -0.0229234 -0.00320269   -0.102783    0.225232
rmse  0.232328
0.0723767
  3.73094
  1.62848
rmse end
main.cpp: RMSE is:
{rmse_x:0.232328   rmse_Y:0.0723767  rmse_vx:3.73094  rmse_vY:1.62848  }
starting prediction
start prediction: Kalman filter prediction
calculate FT
CALCULATE P
END prediction: Kalman filter prediction
prediction done
 entering laser updates. performing update
1 0 0 0
0 1 0 0Value of H_laser_
0.0225      0
     0 0.0225Value of R_laser_
1 0 0 0
0 1 0 0Value of H
 1.26278
0.693959
 4.61321
  2.6006Value of x
0.0225      0
     0 0.0225Value of R
start measurement update - laser
1 0 0 0
0 1 0 0Value of H
 1.26278
0.693959
 4.61321
  2.6006Value of x
  0.387851
-0.0692688y
1 0
0 1
0 0
0 0ht Transpose
 0.0303828 0.00178059
0.00178059  0.0263145S
 33.0444 -2.23598
-2.23598  38.1532SINV
0.00788275 0.00178059
0.00178059 0.00381451
 0.0283803 0.00180509
-0.0280626 0.00862139Pht Transpose
    0.2565  0.0503096
 0.0503096   0.141554
  0.933776 0.00541182
 -0.946589    0.39168KALMAN GAIN
end measurement update - laser
start measurement update - new estimate laser
end measurement update - new estimate laser
 performed update functionx_ =  1.35877
0.703667
   4.975
 2.20633
P_ =  0.00577125  0.00113197     0.02101  -0.0212983
 0.00113197  0.00318497 0.000121766  0.00881281
    0.02101 0.000121766    0.126421  -0.0766251
 -0.0212983  0.00881281  -0.0766251    0.217791
rmse  0.242874
0.0792752
  3.33855
  1.75481
rmse end
main.cpp: RMSE is:
{rmse_x:0.242874   rmse_Y:0.0792752  rmse_vx:3.33855  rmse_vY:1.75481  }
starting prediction
start prediction: Kalman filter prediction
calculate FT
CALCULATE P
END prediction: Kalman filter prediction
prediction done
entering radar measurement updates
 calculating Jacobian matrix with x_  1.60752
0.813983
   4.975
 2.20633
 Jacobian calculated 
 performing update function
start measurement update -radar
end measurement update -radar
start measurement update -new estimate - radar
end measurement update -new estimate - radar
 performed update functionx_ =  1.71966
0.648446
 5.39616
 1.08095
P_ =  0.00523605  0.00123826   0.0132634  -0.0139313
 0.00123826  0.00229601 0.000904524   0.0045424
  0.0132634 0.000904524   0.0684749  -0.0399566
 -0.0139313   0.0045424  -0.0399566    0.126651
rmse  0.233595
0.0747625
  3.04874
   1.6587
rmse end
main.cpp: RMSE is:
{rmse_x:0.233595   rmse_Y:0.0747625  rmse_vx:3.04874  rmse_vY:1.6587  }
starting prediction
start prediction: Kalman filter prediction
calculate FT
CALCULATE P
END prediction: Kalman filter prediction
prediction done
 entering laser updates. performing update
1 0 0 0
0 1 0 0Value of H_laser_
0.0225      0
     0 0.0225Value of R_laser_
1 0 0 0
0 1 0 0Value of H
 1.98946
0.702494
 5.39616
 1.08095Value of x
0.0225      0
     0 0.0225Value of R
start measurement update - laser
1 0 0 0
0 1 0 0Value of H
 1.98946
0.702494
 5.39616
 1.08095Value of x
  0.199359
-0.0537547y
1 0
0 1
0 0
0 0ht Transpose
  0.0292476 0.000487024
0.000487024   0.0255809S
 34.2016 -0.65115
-0.65115   39.104SINV
 0.00674764 0.000487024
0.000487024  0.00308094
  0.0172496 -0.00109331
 -0.0159292   0.0114375Pht Transpose
  0.230463  0.0146509
 0.0146509    0.12016
  0.590678 -0.0539848
 -0.552251   0.457623KALMAN GAIN
end measurement update - laser
start measurement update - new estimate laser
end measurement update - new estimate laser
 performed update functionx_ =  2.03462
0.698956
 5.51682
0.946256
P_ =  0.00518542 0.000329645   0.0132903  -0.0124257
0.000329645   0.0027036 -0.00121466   0.0102965
  0.0132903 -0.00121466   0.0807269  -0.0299302
 -0.0124257   0.0102965  -0.0299302     0.13512
rmse  0.221374
0.0779532
  2.82518
  1.57359
rmse end
main.cpp: RMSE is:
{rmse_x:0.221374   rmse_Y:0.0779532  rmse_vx:2.82518  rmse_vY:1.57359  }
starting prediction
start prediction: Kalman filter prediction
calculate FT
CALCULATE P
END prediction: Kalman filter prediction
prediction done
entering radar measurement updates
 calculating Jacobian matrix with x_  2.31046
0.746268
 5.51682
0.946256
 Jacobian calculated 
 performing update function
start measurement update -radar
end measurement update -radar
start measurement update -new estimate - radar
end measurement update -new estimate - radar
 performed update functionx_ =  2.27665
0.698632
 5.29901
0.729449
P_ =   0.00492758  0.000332902   0.00904869  -0.00963267
 0.000332902   0.00240124 -0.000826305   0.00887252
  0.00904869 -0.000826305     0.051696    -0.021414
 -0.00963267   0.00887252    -0.021414     0.110407
rmse   0.21315
0.0798946
  2.64297
  1.49142
rmse end
main.cpp: RMSE is:
{rmse_x:0.21315   rmse_Y:0.0798946  rmse_vx:2.64297  rmse_vY:1.49142  }
starting prediction
start prediction: Kalman filter prediction
calculate FT
CALCULATE P
END prediction: Kalman filter prediction
prediction done
 entering laser updates. performing update
1 0 0 0
0 1 0 0Value of H_laser_
0.0225      0
     0 0.0225Value of R_laser_
1 0 0 0
0 1 0 0Value of H
  2.5416
0.735105
 5.29901
0.729449Value of x
0.0225      0
     0 0.0225Value of R
start measurement update - laser
1 0 0 0
0 1 0 0Value of H
  2.5416
0.735105
 5.29901
0.729449Value of x
  0.113654
-0.0691248y
1 0
0 1
0 0
0 0ht Transpose
   0.0284758 -0.000243581
-0.000243581    0.0260786S
 35.1204 0.328035
0.328035  38.3487SINV
  0.00597575 -0.000243581
-0.000243581   0.00357858
    0.012196  -0.00189701
  -0.0107034    0.0149554Pht Transpose
   0.209791 -0.00738078
-0.00738078    0.137154
   0.427706   -0.068747
  -0.371001    0.570009KALMAN GAIN
end measurement update - laser
start measurement update - new estimate laser
end measurement update - new estimate laser
 performed update functionx_ =  2.56596
0.724785
 5.35238
0.647881
P_ =    0.0047203 -0.000166068   0.00962338  -0.00834752
-0.000166068   0.00308596  -0.00154681    0.0128252
  0.00962338  -0.00154681    0.0688493    -0.015808
 -0.00834752    0.0128252    -0.015808     0.120412
rmse  0.204481
0.0846139
  2.49237
   1.4195
rmse end
main.cpp: RMSE is:
{rmse_x:0.204481   rmse_Y:0.0846139  rmse_vx:2.49237  rmse_vY:1.4195  }
starting prediction
start prediction: Kalman filter prediction
calculate FT
CALCULATE P
END prediction: Kalman filter prediction
prediction done
entering radar measurement updates
 calculating Jacobian matrix with x_  2.83357
0.757179
 5.35238
0.647881
 Jacobian calculated 
 performing update function
start measurement update -radar
end measurement update -radar
start measurement update -new estimate - radar
end measurement update -new estimate - radar
 performed update functionx_ =   2.8481
0.709108
 5.33672
0.419564
P_ =    0.0045703 -6.37226e-05   0.00697503  -0.00653242
-6.37226e-05   0.00293112  -0.00126807    0.0114909
  0.00697503  -0.00126807    0.0474781   -0.0149782
 -0.00653242    0.0114909   -0.0149782      0.10617
rmse  0.196108
0.0858565
   2.3649
  1.35091
rmse end
main.cpp: RMSE is:
{rmse_x:0.196108   rmse_Y:0.0858565  rmse_vx:2.3649  rmse_vY:1.35091  }
starting prediction
start prediction: Kalman filter prediction
calculate FT
CALCULATE P
END prediction: Kalman filter prediction
prediction done
 entering laser updates. performing update
1 0 0 0
0 1 0 0Value of H_laser_
0.0225      0
     0 0.0225Value of R_laser_
1 0 0 0
0 1 0 0Value of H
 3.11494
0.730086
 5.33672
0.419564Value of x
0.0225      0
     0 0.0225Value of R
start measurement update - laser
1 0 0 0
0 1 0 0Value of H
 3.11494
0.730086
 5.33672
0.419564Value of x
 -0.102714
-0.0930402y
1 0
0 1
0 0
0 0ht Transpose
   0.0279006 -0.000491193
-0.000491193    0.0268597S
 35.8531 0.655659
0.655659  37.2425SINV
  0.00540056 -0.000491193
-0.000491193    0.0043597
  0.00991144  -0.00201699
 -0.00728133    0.0173619Pht Transpose
  0.193305 -0.0147523
-0.0147523   0.162044
  0.354033 -0.0686191
 -0.249675   0.641825KALMAN GAIN
end measurement update - laser
start measurement update - new estimate laser
end measurement update - new estimate laser
 performed update functionx_ =  3.09645
0.716524
 5.30674
0.385493
P_ =   0.00434936 -0.000331927   0.00796575  -0.00561769
-0.000331927   0.00364599  -0.00154393    0.0144411
  0.00796575  -0.00154393    0.0663307   -0.0112091
 -0.00561769    0.0144411   -0.0112091     0.115708
rmse 0.189506
 0.08716
 2.25511
 1.29095
rmse end
main.cpp: RMSE is:
{rmse_x:0.189506   rmse_Y:0.08716  rmse_vx:2.25511  rmse_vY:1.29095  }
starting prediction
start prediction: Kalman filter prediction
calculate FT
CALCULATE P
END prediction: Kalman filter prediction
prediction done
entering radar measurement updates
 calculating Jacobian matrix with x_  3.36179
0.735799
 5.30674
0.385493
 Jacobian calculated 
 performing update function
start measurement update -radar
end measurement update -radar
start measurement update -new estimate - radar
end measurement update -new estimate - radar
 performed update functionx_ =    3.39229
  0.644275
   5.33376
0.00783766
P_ =   0.00429067 -0.000227192   0.00598564  -0.00457992
-0.000227192   0.00357784  -0.00137116    0.0134901
  0.00598564  -0.00137116     0.046183   -0.0124122
 -0.00457992    0.0134901   -0.0124122     0.108237
rmse  0.182434
0.0836817
  2.15951
   1.2364
rmse end
main.cpp: RMSE is:
{rmse_x:0.182434   rmse_Y:0.0836817  rmse_vx:2.15951  rmse_vY:1.2364  }
starting prediction
start prediction: Kalman filter prediction
calculate FT
CALCULATE P
END prediction: Kalman filter prediction
prediction done
 entering laser updates. performing update
1 0 0 0
0 1 0 0Value of H_laser_
0.0225      0
     0 0.0225Value of R_laser_
1 0 0 0
0 1 0 0Value of H
   3.65898
  0.644666
   5.33376
0.00783766Value of x
0.0225      0
     0 0.0225Value of R
start measurement update - laser
1 0 0 0
0 1 0 0Value of H
   3.65898
  0.644666
   5.33376
0.00783766Value of x
  0.23467
-0.332873y
1 0
0 1
0 0
0 0ht Transpose
   0.0275188 -0.000555777
-0.000555777    0.0277115S
 36.3536 0.729101
0.729101  36.1007SINV
  0.00501875 -0.000555777
-0.000555777   0.00521151
  0.00885729  -0.00199178
 -0.00520053    0.0194644Pht Transpose
  0.182044 -0.0164048
-0.0164048   0.187734
  0.320542 -0.0654467
 -0.174866   0.698889KALMAN GAIN
end measurement update - laser
start measurement update - new estimate laser
end measurement update - new estimate laser
 performed update functionx_ =  3.70716
0.578325
 5.43076
-0.26584
P_ =     0.004096 -0.000369107   0.00721219  -0.00393449
-0.000369107   0.00422401  -0.00147255     0.015725
  0.00721219  -0.00147255    0.0657135  -0.00947137
 -0.00393449     0.015725  -0.00947137     0.116224
rmse  0.175302
0.0816243
  2.07589
   1.1932
rmse end
main.cpp: RMSE is:
{rmse_x:0.175302   rmse_Y:0.0816243  rmse_vx:2.07589  rmse_vY:1.1932  }
starting prediction
start prediction: Kalman filter prediction
calculate FT
CALCULATE P
END prediction: Kalman filter prediction
prediction done
entering radar measurement updates
 calculating Jacobian matrix with x_   3.9787
0.565033
 5.43076
-0.26584
 Jacobian calculated 
 performing update function
start measurement update -radar
end measurement update -radar
start measurement update -new estimate - radar
end measurement update -new estimate - radar
 performed update functionx_ =   3.98896
 0.594126
  5.47848
-0.161551
P_ =   0.00409028 -0.000287303   0.00542502  -0.00327114
-0.000287303   0.00429084  -0.00102126    0.0154612
  0.00542502  -0.00102126    0.0449523  -0.00877996
 -0.00327114    0.0154612  -0.00877996      0.11414
rmse  0.168955
0.0794735
  2.00191
  1.15306
rmse end
main.cpp: RMSE is:
{rmse_x:0.168955   rmse_Y:0.0794735  rmse_vx:2.00191  rmse_vY:1.15306  }
starting prediction
start prediction: Kalman filter prediction
calculate FT
CALCULATE P
END prediction: Kalman filter prediction
prediction done
 entering laser updates. performing update
1 0 0 0
0 1 0 0Value of H_laser_
0.0225      0
     0 0.0225Value of R_laser_
1 0 0 0
0 1 0 0Value of H
  4.26288
 0.586049
  5.47848
-0.161551Value of x
0.0225      0
     0 0.0225Value of R
start measurement update - laser
1 0 0 0
0 1 0 0Value of H
  4.26288
 0.586049
  5.47848
-0.161551Value of x
  0.0464642
-0.00748498y
1 0
0 1
0 0
0 0ht Transpose
   0.0272592 -0.000523872
-0.000523872    0.0286364S
 36.6977 0.671346
0.671346  34.9329SINV
  0.00475923 -0.000523872
-0.000523872   0.00613637
  0.00823513  -0.00146026
 -0.00371013    0.0217307Pht Transpose
  0.174301 -0.0151053
-0.0151053    0.21401
   0.30123 -0.0454824
 -0.121565   0.756626KALMAN GAIN
end measurement update - laser
start measurement update - new estimate laser
end measurement update - new estimate laser
 performed update functionx_ =   4.27109
 0.583745
  5.49282
-0.172863
P_ =   0.00392178 -0.000339869   0.00677768  -0.00273521
-0.000339869   0.00481522  -0.00102335    0.0170241
  0.00677768  -0.00102335    0.0649052    -0.006674
 -0.00273521    0.0170241    -0.006674     0.119747
rmse  0.163473
0.0784142
  1.93569
  1.11784
rmse end
main.cpp: RMSE is:
{rmse_x:0.163473   rmse_Y:0.0784142  rmse_vx:1.93569  rmse_vY:1.11784  }
starting prediction
start prediction: Kalman filter prediction
calculate FT
CALCULATE P
END prediction: Kalman filter prediction
prediction done
entering radar measurement updates
 calculating Jacobian matrix with x_   4.54573
 0.575102
  5.49282
-0.172863
 Jacobian calculated 
 performing update function
start measurement update -radar
end measurement update -radar
start measurement update -new estimate - radar
end measurement update -new estimate - radar
 performed update functionx_ =     4.5282
  0.601625
   5.34028
-0.0921347
P_ =   0.00395143 -0.000291796   0.00521593  -0.00245396
-0.000291796    0.0050136  -0.00095333    0.0172493
  0.00521593  -0.00095333    0.0447019  -0.00793729
 -0.00245396    0.0172493  -0.00793729     0.120034
rmse  0.158494
0.0771096
  1.87465
  1.08506
rmse end
main.cpp: RMSE is:
{rmse_x:0.158494   rmse_Y:0.0771096  rmse_vx:1.87465  rmse_vY:1.08506  }
starting prediction
start prediction: Kalman filter prediction
calculate FT
CALCULATE P
END prediction: Kalman filter prediction
prediction done
 entering laser updates. performing update
1 0 0 0
0 1 0 0Value of H_laser_
0.0225      0
     0 0.0225Value of R_laser_
1 0 0 0
0 1 0 0Value of H
   4.79521
  0.597018
   5.34028
-0.0921347Value of x
0.0225      0
     0 0.0225Value of R
start measurement update - laser
1 0 0 0
0 1 0 0Value of H
   4.79521
  0.597018
   5.34028
-0.0921347Value of x
-0.443779
 0.302156y
1 0
0 1
0 0
0 0ht Transpose
   0.0270988 -0.000482003
-0.000482003    0.0295527S
 36.9127 0.602044
0.602044  33.8477SINV
  0.00459884 -0.000482003
-0.000482003   0.00705268
  0.00801352  -0.00135019
 -0.00285082    0.0238135Pht Transpose
  0.169465  -0.013546
 -0.013546   0.238427
  0.294988 -0.0408765
-0.0908946   0.804317KALMAN GAIN
end measurement update - laser
start measurement update - new estimate laser
end measurement update - new estimate laser
 performed update functionx_ =  4.71591
0.675072
 5.19702
0.191231
P_ =   0.00381297 -0.000304785   0.00663722  -0.00204513
-0.000304785    0.0053646 -0.000919721    0.0180971
  0.00663722 -0.000919721    0.0647828  -0.00612292
 -0.00204513    0.0180971  -0.00612292     0.123121
rmse  0.154044
0.0748334
  1.81868
  1.05273
rmse end
main.cpp: RMSE is:
{rmse_x:0.154044   rmse_Y:0.0748334  rmse_vx:1.81868  rmse_vY:1.05273  }
starting prediction
start prediction: Kalman filter prediction
calculate FT
CALCULATE P
END prediction: Kalman filter prediction
prediction done
entering radar measurement updates
 calculating Jacobian matrix with x_  4.97576
0.684633
 5.19702
0.191231
 Jacobian calculated 
 performing update function
start measurement update -radar
end measurement update -radar
start measurement update -new estimate - radar
end measurement update -new estimate - radar
 performed update functionx_ =  4.96798
0.671294
 5.04539
0.130769
P_ =   0.00386489 -0.000297417   0.00519569  -0.00211042
-0.000297417   0.00562948  -0.00127878    0.0185632
  0.00519569  -0.00127878    0.0449853  -0.00943107
 -0.00211042    0.0185632  -0.00943107      0.12442
rmse  0.150082
0.0727526
   1.7677
  1.02362
rmse end
main.cpp: RMSE is:
{rmse_x:0.150082   rmse_Y:0.0727526  rmse_vx:1.7677  rmse_vY:1.02362  }
starting prediction
start prediction: Kalman filter prediction
calculate FT
CALCULATE P
END prediction: Kalman filter prediction
prediction done
 entering laser updates. performing update
1 0 0 0
0 1 0 0Value of H_laser_
0.0225      0
     0 0.0225Value of R_laser_
1 0 0 0
0 1 0 0Value of H
 5.22025
0.677832
 5.04539
0.130769Value of x
0.0225      0
     0 0.0225Value of R
start measurement update - laser
1 0 0 0
0 1 0 0Value of H
 5.22025
0.677832
 5.04539
0.130769Value of x
  0.298689
-0.0295998y
1 0
0 1
0 0
0 0ht Transpose
    0.027011 -0.000490455
-0.000490455    0.0303109S
 37.0329 0.599221
0.599221  33.0011SINV
  0.00451098 -0.000490455
-0.000490455   0.00781091
  0.00800746  -0.00175033
 -0.00258197    0.0253467Pht Transpose
  0.166761 -0.0134825
-0.0134825   0.257475
   0.29549 -0.0529647
-0.0804296   0.834922KALMAN GAIN
end measurement update - laser
start measurement update - new estimate laser
end measurement update - new estimate laser
 performed update functionx_ =   5.27045
 0.666184
  5.13521
0.0820324
P_ =   0.00375212 -0.000303356   0.00664853  -0.00180967
-0.000303356   0.00579318  -0.00119171    0.0187857
  0.00664853  -0.00119171    0.0650265  -0.00732564
 -0.00180967    0.0187857  -0.00732564      0.12555
rmse 0.146079
0.071104
 1.72057
0.997622
rmse end
main.cpp: RMSE is:
{rmse_x:0.146079   rmse_Y:0.071104  rmse_vx:1.72057  rmse_vY:0.997622  }
starting prediction
start prediction: Kalman filter prediction
calculate FT
CALCULATE P
END prediction: Kalman filter prediction
prediction done
entering radar measurement updates
 calculating Jacobian matrix with x_   5.52722
 0.670286
  5.13521
0.0820324
 Jacobian calculated 
 performing update function
start measurement update -radar
end measurement update -radar
start measurement update -new estimate - radar
end measurement update -new estimate - radar
 performed update functionx_ =   5.53204
  0.67154
  5.27133
0.0994464
P_ =   0.00381182 -0.000313922   0.00518239   -0.0019517
-0.000313922   0.00621431  -0.00138455    0.0198658
  0.00518239  -0.00138455     0.044919  -0.00945112
  -0.0019517    0.0198658  -0.00945112     0.129279
rmse  0.142381
0.0698433
  1.67717
 0.973822
rmse end
main.cpp: RMSE is:
{rmse_x:0.142381   rmse_Y:0.0698433  rmse_vx:1.67717  rmse_vY:0.973822  }
starting prediction
start prediction: Kalman filter prediction
calculate FT
CALCULATE P
END prediction: Kalman filter prediction
prediction done
 entering laser updates. performing update
1 0 0 0
0 1 0 0Value of H_laser_
0.0225      0
     0 0.0225Value of R_laser_
1 0 0 0
0 1 0 0Value of H
  5.79561
 0.676512
  5.27133
0.0994464Value of x
0.0225      0
     0 0.0225Value of R
start measurement update - laser
1 0 0 0
0 1 0 0Value of H
  5.79561
 0.676512
  5.27133
0.0994464Value of x
 0.226394
0.0321071y
1 0
0 1
0 0
0 0ht Transpose
   0.0269564 -0.000504363
-0.000504363    0.0310382S
 37.1082 0.602999
0.602999  32.2282SINV
  0.00445642 -0.000504363
-0.000504363   0.00853815
  0.00799084  -0.00185711
 -0.00242425    0.0268923Pht Transpose
  0.165065 -0.0135675
-0.0135675   0.274865
  0.295406 -0.0550327
-0.0737437   0.865228KALMAN GAIN
end measurement update - laser
start measurement update - new estimate laser
end measurement update - new estimate laser
 performed update functionx_ =  5.83254
0.682266
 5.33644
0.110531
P_ =   0.00371397 -0.000305268   0.00664663  -0.00165923
-0.000305268   0.00618447  -0.00123824    0.0194676
  0.00664663  -0.00123824    0.0649563  -0.00725503
 -0.00165923    0.0194676  -0.00725503     0.128333
rmse  0.139285
0.0688891
  1.63721
 0.952077
rmse end
main.cpp: RMSE is:
{rmse_x:0.139285   rmse_Y:0.0688891  rmse_vx:1.63721  rmse_vY:0.952077  }
starting prediction
start prediction: Kalman filter prediction
calculate FT
CALCULATE P
END prediction: Kalman filter prediction
prediction done
entering radar measurement updates
 calculating Jacobian matrix with x_  6.09937
0.687792
 5.33644
0.110531
 Jacobian calculated 
 performing update function
start measurement update -radar
end measurement update -radar
start measurement update -new estimate - radar
end measurement update -new estimate - radar
 performed update functionx_ =   6.07232
 0.624862
  5.13026
-0.097992
P_ =   0.00377975 -0.000337588   0.00518097  -0.00188916
-0.000337588   0.00677156  -0.00145997    0.0211207
  0.00518097  -0.00145997    0.0448444  -0.00939993
 -0.00188916    0.0211207  -0.00939993      0.13392
rmse  0.136197
0.0722168
  1.59958
 0.936466
rmse end
main.cpp: RMSE is:
{rmse_x:0.136197   rmse_Y:0.0722168  rmse_vx:1.59958  rmse_vY:0.936466  }
starting prediction
start prediction: Kalman filter prediction
calculate FT
CALCULATE P
END prediction: Kalman filter prediction
prediction done
 entering laser updates. performing update
1 0 0 0
0 1 0 0Value of H_laser_
0.0225      0
     0 0.0225Value of R_laser_
1 0 0 0
0 1 0 0Value of H
  6.32883
 0.619963
  5.13026
-0.097992Value of x
0.0225      0
     0 0.0225Value of R
start measurement update - laser
1 0 0 0
0 1 0 0Value of H
  6.32883
 0.619963
  5.13026
-0.097992Value of x
0.0136542
  0.32887y
1 0
0 1
0 0
0 0ht Transpose
    0.026924 -0.000528545
-0.000528545    0.0317325S
 37.1537 0.618842
0.618842  31.5238SINV
  0.00442402 -0.000528545
-0.000528545   0.00923249
  0.00798569  -0.00192997
 -0.00235916    0.0283792Pht Transpose
  0.164042 -0.0139239
-0.0139239   0.290716
  0.295504 -0.0558979
-0.0700892   0.893158KALMAN GAIN
end measurement update - laser
start measurement update - new estimate laser
end measurement update - new estimate laser
 performed update functionx_ =  6.32649
 0.71538
 5.11591
0.194783
P_ =   0.00369094 -0.000313289   0.00664883  -0.00157701
-0.000313289    0.0065411   -0.0012577     0.020096
  0.00664883   -0.0012577    0.0648767  -0.00711645
 -0.00157701     0.020096  -0.00711645     0.130907
rmse  0.133287
0.0715122
  1.56443
 0.917405
rmse end
main.cpp: RMSE is:
{rmse_x:0.133287   rmse_Y:0.0715122  rmse_vx:1.56443  rmse_vY:0.917405  }
starting prediction
start prediction: Kalman filter prediction
calculate FT
CALCULATE P
END prediction: Kalman filter prediction
prediction done
entering radar measurement updates
 calculating Jacobian matrix with x_  6.58229
0.725119
 5.11591
0.194783
 Jacobian calculated 
 performing update function
start measurement update -radar
end measurement update -radar
start measurement update -new estimate - radar
end measurement update -new estimate - radar
 performed update functionx_ =  6.57681
0.744203
 5.06476
0.249697
P_ =   0.00376175 -0.000367474   0.00519333  -0.00189587
-0.000367474   0.00725234  -0.00158627    0.0221526
  0.00519333  -0.00158627    0.0448513  -0.00967751
 -0.00189587    0.0221526  -0.00967751     0.137668
rmse  0.13052
0.070698
 1.53157
0.899409
rmse end
main.cpp: RMSE is:
{rmse_x:0.13052   rmse_Y:0.070698  rmse_vx:1.53157  rmse_vY:0.899409  }
starting prediction
start prediction: Kalman filter prediction
calculate FT
CALCULATE P
END prediction: Kalman filter prediction
prediction done
 entering laser updates. performing update
1 0 0 0
0 1 0 0Value of H_laser_
0.0225      0
     0 0.0225Value of R_laser_
1 0 0 0
0 1 0 0Value of H
 6.83005
0.756688
 5.06476
0.249697Value of x
0.0225      0
     0 0.0225Value of R
start measurement update - laser
1 0 0 0
0 1 0 0Value of H
 6.83005
0.756688
 5.06476
0.249697Value of x
-0.0479088
-0.0426524y
1 0
0 1
0 0
0 0ht Transpose
   0.0269073 -0.000565775
-0.000565775    0.0323258S
 37.1784 0.650705
0.650705  30.9464SINV
  0.00440728 -0.000565775
-0.000565775   0.00982584
  0.00799839  -0.00207014
 -0.00237974    0.0295985Pht Transpose
  0.163487 -0.0146409
-0.0146409   0.303706
   0.29602 -0.0588589
 -0.069215   0.914418KALMAN GAIN
end measurement update - laser
start measurement update - new estimate laser
end measurement update - new estimate laser
 performed update functionx_ =  6.82284
0.744436
 5.05309
0.214011
P_ =   0.00367846 -0.000329419   0.00666045  -0.00155734
-0.000329419   0.00683339  -0.00132432    0.0205744
  0.00666045  -0.00132432    0.0648618  -0.00723092
 -0.00155734    0.0205744  -0.00723092     0.132938
rmse  0.127887
0.0708143
  1.50072
   0.8835
rmse end
main.cpp: RMSE is:
{rmse_x:0.127887   rmse_Y:0.0708143  rmse_vx:1.50072  rmse_vY:0.8835  }
starting prediction
start prediction: Kalman filter prediction
calculate FT
CALCULATE P
END prediction: Kalman filter prediction
prediction done
entering radar measurement updates
 calculating Jacobian matrix with x_   7.0755
0.755137
 5.05309
0.214011
 Jacobian calculated 
 performing update function
start measurement update -radar
end measurement update -radar
start measurement update -new estimate - radar
end measurement update -new estimate - radar
 performed update functionx_ =  7.06415
0.730171
  4.8782
 0.12461
P_ =   0.00375186 -0.000398158   0.00520277  -0.00192373
-0.000398158   0.00767527   -0.0016766    0.0230537
  0.00520277   -0.0016766    0.0448417  -0.00983252
 -0.00192373    0.0230537  -0.00983252     0.140938
rmse   0.12542
0.0730346
  1.47238
   0.8708
rmse end
main.cpp: RMSE is:
{rmse_x:0.12542   rmse_Y:0.0730346  rmse_vx:1.47238  rmse_vY:0.8708  }
starting prediction
start prediction: Kalman filter prediction
calculate FT
CALCULATE P
END prediction: Kalman filter prediction
prediction done
 entering laser updates. performing update
1 0 0 0
0 1 0 0Value of H_laser_
0.0225      0
     0 0.0225Value of R_laser_
1 0 0 0
0 1 0 0Value of H
 7.30806
0.736402
  4.8782
 0.12461Value of x
0.0225      0
     0 0.0225Value of R
start measurement update - laser
1 0 0 0
0 1 0 0Value of H
 7.30806
0.736402
  4.8782
 0.12461Value of x
-0.170708
 0.220814y
1 0
0 1
0 0
0 0ht Transpose
   0.0268983 -0.000602756
-0.000602756     0.032847S
 37.1924 0.682494
0.682494  30.4567SINV
   0.0043983 -0.000602756
-0.000602756     0.010347
  0.00800735  -0.00216823
 -0.00241536    0.0306631Pht Transpose
  0.163172 -0.0153561
-0.0153561   0.314725
  0.296333  -0.060572
-0.0689054   0.932246KALMAN GAIN
end measurement update - laser
start measurement update - new estimate laser
end measurement update - new estimate laser
 performed update functionx_ =  7.27681
0.808519
 4.81423
0.342227
P_ =   0.00367137 -0.000345513   0.00666748  -0.00155037
-0.000345513   0.00708131  -0.00136287    0.0209755
  0.00666748  -0.00136287    0.0648376  -0.00725945
 -0.00155037    0.0209755  -0.00725945     0.134686
rmse 0.123515
0.072815
 1.44604
 0.85617
rmse end
main.cpp: RMSE is:
{rmse_x:0.123515   rmse_Y:0.072815  rmse_vx:1.44604  rmse_vY:0.85617  }
starting prediction
start prediction: Kalman filter prediction
calculate FT
CALCULATE P
END prediction: Kalman filter prediction
prediction done
entering radar measurement updates
 calculating Jacobian matrix with x_  7.51752
0.825631
 4.81423
0.342227
 Jacobian calculated 
 performing update function
start measurement update -radar
end measurement update -radar
start measurement update -new estimate - radar
end measurement update -new estimate - radar
 performed update functionx_ =  7.57715
0.822484
 5.15903
0.350038
P_ =   0.00374902 -0.000437962   0.00522707  -0.00201079
-0.000437962   0.00803311  -0.00185871    0.0237915
  0.00522707  -0.00185871    0.0449406    -0.010475
 -0.00201079    0.0237915    -0.010475     0.143569
rmse  0.121303
0.0732837
  1.42002
 0.842841
rmse end
main.cpp: RMSE is:
{rmse_x:0.121303   rmse_Y:0.0732837  rmse_vx:1.42002  rmse_vY:0.842841  }
starting prediction
start prediction: Kalman filter prediction
calculate FT
CALCULATE P
END prediction: Kalman filter prediction
prediction done
 entering laser updates. performing update
1 0 0 0
0 1 0 0Value of H_laser_
0.0225      0
     0 0.0225Value of R_laser_
1 0 0 0
0 1 0 0Value of H
  7.8351
0.839986
 5.15903
0.350038Value of x
0.0225      0
     0 0.0225Value of R
start measurement update - laser
1 0 0 0
0 1 0 0Value of H
  7.8351
0.839986
 5.15903
0.350038Value of x
-0.0297705
  -0.12086y
1 0
0 1
0 0
0 0ht Transpose
   0.0268981 -0.000657624
-0.000657624    0.0332852S
 37.1953 0.734875
0.734875  30.0579SINV
  0.00439814 -0.000657624
-0.000657624    0.0107852
  0.00803661  -0.00238245
 -0.00253454    0.0315324Pht Transpose
  0.163107 -0.0165347
-0.0165347   0.323698
  0.297173 -0.0657056
-0.0711005   0.945935KALMAN GAIN
end measurement update - laser
start measurement update - new estimate laser
end measurement update - new estimate laser
 performed update functionx_ =  7.83225
0.801356
 5.15813
0.237829
P_ =    0.0036699 -0.000372031   0.00668639  -0.00159976
-0.000372031   0.00728321  -0.00147837    0.0212835
  0.00668639  -0.00147837    0.0648958  -0.00764992
 -0.00159976    0.0212835  -0.00764992     0.136061
rmse  0.119207
0.0765917
  1.39536
 0.832858
rmse end
main.cpp: RMSE is:
{rmse_x:0.119207   rmse_Y:0.0765917  rmse_vx:1.39536  rmse_vY:0.832858  }
starting prediction
start prediction: Kalman filter prediction
calculate FT
CALCULATE P
END prediction: Kalman filter prediction
prediction done
entering radar measurement updates
 calculating Jacobian matrix with x_  8.09015
0.813248
 5.15813
0.237829
 Jacobian calculated 
 performing update function
start measurement update -radar
end measurement update -radar
start measurement update -new estimate - radar
end measurement update -new estimate - radar
 performed update functionx_ =  8.08009
0.818376
 4.97765
0.238273
P_ =   0.00374611 -0.000463415   0.00521996  -0.00202067
-0.000463415   0.00838381  -0.00182956    0.0245707
  0.00521996  -0.00182956     0.044832   -0.0100938
 -0.00202067    0.0245707   -0.0100938     0.146363
rmse  0.117243
0.0807971
  1.37206
 0.824422
rmse end
main.cpp: RMSE is:
{rmse_x:0.117243   rmse_Y:0.0807971  rmse_vx:1.37206  rmse_vY:0.824422  }
starting prediction
start prediction: Kalman filter prediction
calculate FT
CALCULATE P
END prediction: Kalman filter prediction
prediction done
 entering laser updates. performing update
1 0 0 0
0 1 0 0Value of H_laser_
0.0225      0
     0 0.0225Value of R_laser_
1 0 0 0
0 1 0 0Value of H
 8.32897
 0.83029
 4.97765
0.238273Value of x
0.0225      0
     0 0.0225Value of R
start measurement update - laser
1 0 0 0
0 1 0 0Value of H
 8.32897
 0.83029
 4.97765
0.238273Value of x
-0.0810114
 0.0100323y
1 0
0 1
0 0
0 0ht Transpose
   0.0268943 -0.000681161
-0.000681161    0.0337209S
 37.2017 0.751475
0.751475  29.6704SINV
  0.00439425 -0.000681161
-0.000681161    0.0112209
  0.00802406  -0.00233425
 -0.00252537    0.0324514Pht Transpose
  0.162962 -0.0169082
-0.0169082   0.332416
  0.296755 -0.0632283
-0.0695615   0.960948KALMAN GAIN
end measurement update - laser
start measurement update - new estimate laser
end measurement update - new estimate laser
 performed update functionx_ =   8.3156
0.834994
 4.95297
0.253549
P_ =   0.00366664 -0.000380434   0.00667698  -0.00156513
-0.000380434   0.00747935  -0.00142264    0.0216213
  0.00667698  -0.00142264    0.0648033  -0.00729255
 -0.00156513    0.0216213  -0.00729255     0.137504
rmse 0.115512
0.086021
 1.34993
0.817213
rmse end
main.cpp: RMSE is:
{rmse_x:0.115512   rmse_Y:0.086021  rmse_vx:1.34993  rmse_vY:0.817213  }
starting prediction
start prediction: Kalman filter prediction
calculate FT
CALCULATE P
END prediction: Kalman filter prediction
prediction done
entering radar measurement updates
 calculating Jacobian matrix with x_  8.56325
0.847672
 4.95297
0.253549
 Jacobian calculated 
 performing update function
start measurement update -radar
end measurement update -radar
start measurement update -new estimate - radar
end measurement update -new estimate - radar
 performed update functionx_ =  8.58966
 0.92518
 5.23507
0.498549
P_ =  0.00374435 -0.00048356   0.0052181 -0.00202659
-0.00048356  0.00868866 -0.00185099   0.0252231
  0.0052181 -0.00185099   0.0448011  -0.0100548
-0.00202659   0.0252231  -0.0100548    0.148611
rmse 0.113724
0.087962
 1.32901
 0.80695
rmse end
main.cpp: RMSE is:
{rmse_x:0.113724   rmse_Y:0.087962  rmse_vx:1.32901  rmse_vY:0.80695  }
starting prediction
start prediction: Kalman filter prediction
calculate FT
CALCULATE P
END prediction: Kalman filter prediction
prediction done
 entering laser updates. performing update
1 0 0 0
0 1 0 0Value of H_laser_
0.0225      0
     0 0.0225Value of R_laser_
1 0 0 0
0 1 0 0Value of H
 8.85141
0.950107
 5.23507
0.498549Value of x
0.0225      0
     0 0.0225Value of R
start measurement update - laser
1 0 0 0
0 1 0 0Value of H
 8.85141
0.950107
 5.23507
0.498549Value of x
-0.105263
0.0984687y
1 0
0 1
0 0
0 0ht Transpose
   0.0268922 -0.000702576
-0.000702576    0.0340966S
 37.2055 0.766637
0.766637  29.3443SINV
  0.00439223 -0.000702576
-0.000702576    0.0115966
  0.00802066  -0.00235373
 -0.00252933    0.0332162Pht Transpose
  0.162876 -0.0172493
-0.0172493   0.339754
  0.296608 -0.0629196
-0.0686403   0.972765KALMAN GAIN
end measurement update - laser
start measurement update - new estimate laser
end measurement update - new estimate laser
 performed update functionx_ =  8.83257
0.985378
 5.19765
0.601561
P_ =  0.00366472 -0.00038811  0.00667368 -0.00154441
-0.00038811  0.00764446 -0.00141569   0.0218872
 0.00667368 -0.00141569    0.064774 -0.00721462
-0.00154441   0.0218872 -0.00721462    0.138626
rmse 0.112074
0.089076
 1.30897
0.796549
rmse end
main.cpp: RMSE is:
{rmse_x:0.112074   rmse_Y:0.089076  rmse_vx:1.30897  rmse_vY:0.796549  }
starting prediction
start prediction: Kalman filter prediction
calculate FT
CALCULATE P
END prediction: Kalman filter prediction
prediction done
entering radar measurement updates
 calculating Jacobian matrix with x_  9.09245
 1.01546
 5.19765
0.601561
 Jacobian calculated 
 performing update function
start measurement update -radar
end measurement update -radar
start measurement update -new estimate - radar
end measurement update -new estimate - radar
 performed update functionx_ =  9.12498
 1.02382
  5.2447
0.620209
P_ =   0.00375005 -0.000533851   0.00526252  -0.00218837
-0.000533851   0.00896512  -0.00217185    0.0257856
  0.00526252  -0.00217185    0.0450618   -0.0114315
 -0.00218837    0.0257856   -0.0114315      0.15037
rmse  0.110443
0.0904711
  1.29006
 0.787093
rmse end
main.cpp: RMSE is:
{rmse_x:0.110443   rmse_Y:0.0904711  rmse_vx:1.29006  rmse_vY:0.787093  }
starting prediction
start prediction: Kalman filter prediction
calculate FT
CALCULATE P
END prediction: Kalman filter prediction
prediction done
 entering laser updates. performing update
1 0 0 0
0 1 0 0Value of H_laser_
0.0225      0
     0 0.0225Value of R_laser_
1 0 0 0
0 1 0 0Value of H
 9.38722
 1.05483
  5.2447
0.620209Value of x
0.0225      0
     0 0.0225Value of R
start measurement update - laser
1 0 0 0
0 1 0 0Value of H
 9.38722
 1.05483
  5.2447
0.620209Value of x
  -0.131431
-0.00570058y
1 0
0 1
0 0
0 0ht Transpose
    0.026903 -0.000780441
-0.000780441    0.0344337S
  37.195 0.843027
0.843027  29.0604SINV
  0.00440302 -0.000780441
-0.000780441    0.0119337
  0.00807811  -0.00274342
 -0.00275995    0.0338666Pht Transpose
  0.163112 -0.0189681
-0.0189681    0.34614
  0.298153  -0.072915
-0.0741058   0.981853KALMAN GAIN
end measurement update - laser
start measurement update - new estimate laser
end measurement update - new estimate laser
 performed update functionx_ =  9.36589
 1.05535
 5.20593
0.624352
P_ =   0.00367003 -0.000426782   0.00670843  -0.00166738
-0.000426782   0.00778815  -0.00164059    0.0220917
  0.00670843  -0.00164059    0.0649533   -0.0081392
 -0.00166738    0.0220917   -0.0081392     0.139414
rmse  0.108856
0.0925611
  1.27187
 0.778804
rmse end
main.cpp: RMSE is:
{rmse_x:0.108856   rmse_Y:0.0925611  rmse_vx:1.27187  rmse_vY:0.778804  }
starting prediction
start prediction: Kalman filter prediction
calculate FT
CALCULATE P
END prediction: Kalman filter prediction
prediction done
entering radar measurement updates
 calculating Jacobian matrix with x_  9.62619
 1.08657
 5.20593
0.624352
 Jacobian calculated 
 performing update function
start measurement update -radar
end measurement update -radar
start measurement update -new estimate - radar
end measurement update -new estimate - radar
 performed update functionx_ =  9.64723
 1.12928
 5.25582
0.745225
P_ =   0.00375712 -0.000585614   0.00529327   -0.0023384
-0.000585614   0.00921596   -0.0023597    0.0263059
  0.00529327   -0.0023597     0.045187   -0.0121033
  -0.0023384    0.0263059   -0.0121033      0.15205
rmse  0.107489
0.0936496
  1.25477
 0.770042
rmse end
main.cpp: RMSE is:
{rmse_x:0.107489   rmse_Y:0.0936496  rmse_vx:1.25477  rmse_vY:0.770042  }
starting prediction
start prediction: Kalman filter prediction
calculate FT
CALCULATE P
END prediction: Kalman filter prediction
prediction done
 entering laser updates. performing update
1 0 0 0
0 1 0 0Value of H_laser_
0.0225      0
     0 0.0225Value of R_laser_
1 0 0 0
0 1 0 0Value of H
 9.91002
 1.16655
 5.25582
0.745225Value of x
0.0225      0
     0 0.0225Value of R
start measurement update - laser
1 0 0 0
0 1 0 0Value of H
